kinematics:
  shoulder:
    x: 0
    y: 0
    z: 0.1519583626653279
    roll: -0
    pitch: 0
    yaw: 2.069361241159381e-05
  upper_arm:
    x: -0.0001319013177039812
    y: 0
    z: 0
    roll: 1.56983516507919
    pitch: 0
    yaw: -5.432821591723768e-05
  forearm:
    x: -0.2445293371569176
    y: 0
    z: 0
    roll: 3.138670445346869
    pitch: 3.141494238674514
    yaw: -3.141567680050055
  wrist_1:
    x: -0.2135942557317947
    y: -0.0001158808923994406
    z: 0.1130051514513259
    roll: 0.001025447515385632
    pitch: 9.923243839436201e-05
    yaw: -3.361565155763063e-05
  wrist_2:
    x: 4.987655470264925e-05
    y: -0.08543384519715914
    z: 8.355021220342852e-05
    roll: 1.569818374961228
    pitch: 0
    yaw: -6.286512956352164e-05
  wrist_3:
    x: -1.533646728244693e-05
    y: 0.08252968617836283
    z: 2.83401561843215e-05
    roll: 1.571139720261935
    pitch: 3.141592653589793
    yaw: -3.141583114124074
  hash: calib_18141663604597094877