kinematics:
  shoulder:
    x: 0
    y: 0
    z: 0.1521161461773329
    roll: -0
    pitch: 0
    yaw: -8.025536908589727e-05
  upper_arm:
    x: -0.0001340824988029698
    y: 0
    z: 0
    roll: 1.570874260464954
    pitch: 0
    yaw: -7.372477509726643e-05
  forearm:
    x: -0.2445121461981169
    y: 0
    z: 0
    roll: 0.005821843155215486
    pitch: -0.0003696667502022756
    yaw: -3.662502529455793e-05
  wrist_1:
    x: -0.2136560124797568
    y: 0.0003946139694053197
    z: 0.1118052434400478
    roll: 3.138063191833971
    pitch: -3.138821963723887
    yaw: 3.141563329527416
  wrist_2:
    x: 7.594785768757158e-05
    y: -0.08541413620602932
    z: 5.036443496957223e-05
    roll: 1.570206676985513
    pitch: 0
    yaw: 3.665193581146451e-05
  wrist_3:
    x: 6.398284156012735e-06
    y: 0.08244490733560969
    z: 8.574104908848082e-05
    roll: 1.571836306351525
    pitch: 3.141592653589793
    yaw: 3.141588671465647
  hash: calib_8856590506969794055